4.52734375
1.9066907167434692
13.4583101272583
10.875574111938477
4.24172306060791
1.823349952697754
1.7483423948287964
1.740575909614563
2.544666290283203
17.092784881591797
8.976726531982422
2.76373291015625
26.588193893432617
0.8058311939239502
3.0342860221862793
2.4970245361328125
2.1387829780578613
1.061876654624939
2.540955066680908
6.841596603393555
14.967966079711914
4.280393600463867
32.90907669067383
20.444807052612305
1.8792814016342163
6.3280205726623535
14.782648086547852
4.580101013183594
5.1930341720581055
0.5887613892555237
17.643056869506836
12.662084579467773
2.9908833503723145
4.414178848266602
5.6584625244140625
12.412513732910156
17.200721740722656
0.37276822328567505
3.6503520011901855
2.1176137924194336
38.38032150268555
12.52228832244873
4.1271514892578125
0.21216019988059998
5.628081321716309
14.240771293640137
1.0221586227416992
11.497809410095215
3.0179507732391357
63.738040924072266
5.807639122009277
9.737655639648438
3.535780668258667
23.891889572143555
5.872978687286377
7.000429630279541
7.27324914932251
3.4367167949676514
42.823631286621094
3.4628872871398926
4.518276691436768
750.9806518554688
3.2518205642700195
1.4941871166229248
9.797286987304688
9.988978385925293
3.907020330429077
0.7807419896125793
1074.27001953125
40.568302154541016
7.832592010498047
17.254718780517578
57.901092529296875
22.270488739013672
6.089461326599121
0.7580086588859558
5.53106164932251
2.2434017658233643
7.343475341796875
4.113872528076172
6.592088222503662
8.750154495239258
15.596027374267578
2.719341516494751
7.5605669021606445
59.618770599365234
25.657155990600586
1.6980173587799072
13.191876411437988
0.6626761555671692
1.4947786331176758
8.31410026550293
15.342580795288086
12.979920387268066
3.2086381912231445
3.651085376739502
4.553109169006348
6.699972629547119
6.287387371063232
10.069993019104004
0.37914836406707764
1.4785679578781128
0.49690836668014526
21.466196060180664
46.07683563232422
5.258100986480713
12.157918930053711
38.442928314208984
10.756317138671875
14.11292552947998
28.07406234741211
26.231670379638672
3.1343626976013184
7.546097278594971
4.535549163818359
1.9661133289337158
1.8359668254852295
23.95649528503418
15.153945922851562
9.892290115356445
1.8124316930770874
12.97840404510498
5.518742084503174
10.7134428024292
92.39849853515625
4.145477294921875
3.252120018005371
16.383058547973633
83.02741241455078
14.621828079223633
1.6456092596054077
4.963011264801025
6.648711681365967
0.6370224952697754
5.615805625915527
0.33525046706199646
10.589067459106445
3.8930530548095703
7.880015850067139
6.351686000823975
5.100441932678223
9.315361976623535
44.426273345947266
0.9872933626174927
18.285415649414062
49.03642272949219
8.94269847869873
7.311880588531494
3.4536209106445312
3.5375802516937256
4.977777004241943
18.871307373046875
2.953160047531128
6.066568374633789
6.524882793426514
0.655320405960083
23.16082191467285
7.622403144836426
2.263927936553955
9.038253784179688
3.4077091217041016
6.608834266662598
2.205679416656494
2.1310157775878906
1.4138847589492798
1.587804913520813
0.5545992851257324
6.779208183288574
4.073200702667236
2.4434890747070312
39.247283935546875
2.7493979930877686
2.084864854812622
22.600828170776367
19.416095733642578
29.109172821044922
20.976709365844727
15.180853843688965
3.844447612762451
7.14881706237793
6.837368011474609
2.8244526386260986
2.786454200744629
0.6582143902778625
4.024890422821045
0.6882528066635132
8.370606422424316
2.0153427124023438
7.416271209716797
2.845181941986084
6.960996627807617
21.08529281616211
2.5939271450042725
9.37637710571289
3.0567429065704346
4.077358722686768
5.035819053649902
24.726280212402344
3.8237645626068115
0.7659273743629456
8.051361083984375
5.280423641204834
0.8776630759239197
16.406831741333008
7.365601539611816
1.509265422821045
11.999696731567383
9.634698867797852
2.5804636478424072
0.7092328667640686
6.209321975708008
16.570709228515625
8.734319686889648
1.2582029104232788
1.3097950220108032
2.1065845489501953
31.79671287536621
5.3361921310424805
11.13085651397705
21.129703521728516
12.564452171325684
0.949444591999054
2.57370924949646
29.45182991027832
4.591243267059326
7.073798179626465
9.20987319946289
17.318811416625977
7.226621150970459
0.29588210582733154
18.32541847229004
7.40022611618042
32.26308822631836
4.095898151397705
13.388055801391602
10.671030044555664
26.25645637512207
13.824320793151855
0.5057860612869263
9.138473510742188
3.6807186603546143
3.12619948387146
15.731077194213867
2.0333762168884277
4.179088592529297
4.589685916900635
4.198312282562256
82.7134780883789
2.0514700412750244
1.2125673294067383
10.786486625671387
23.429027557373047
1.9406282901763916
30.281463623046875
7.31074857711792
1.140232801437378
6.596409797668457
10.184698104858398
8.142879486083984
3.446930408477783
1.554132103919983
6.060689449310303
4.8643798828125
4.321432113647461
0.8163261413574219
12.324543952941895
1.323492407798767
10.337431907653809
10.724631309509277
6.147319793701172
14.697265625
30.370147705078125
7.955095291137695
5.91861629486084
4.765589714050293
2.713728189468384
1.7824252843856812
11.549009323120117
0.946984052658081
2.3042678833007812
2.5103983879089355
5.164422988891602
1.1611685752868652
2.47054123878479
3.1626806259155273
13.762638092041016
5.1876630783081055
2.1680047512054443
2.6121420860290527
11.810234069824219
17.664230346679688
9.652722358703613
6.975321292877197
6.806663513183594
2.454904317855835
4.817971229553223
12.275252342224121
2.2000644207000732
2.553307294845581
13.38764476776123
2.533453941345215
3.228588342666626
24.822391510009766
38.6508903503418
4.223316192626953
8.022027015686035
1.0717300176620483
4.3922271728515625
6.77646017074585
11.09049129486084
4.974820613861084
22.47760772705078
5.738624095916748
4.711557388305664
21.020423889160156
9.692641258239746
3.244556188583374
2.1213831901550293
1.0662840604782104
43.88154983520508
11.436206817626953
22.272253036499023
40.43846130371094
8.819182395935059
8.201560020446777
4.279854774475098
1.4492409229278564
2.520630121231079
4.360589027404785
45.56132507324219
1.480288028717041
15.685378074645996
3.1166844367980957
1.579362154006958
19.5335693359375
26.163164138793945
0.6955693960189819
5.152996063232422
1.0899590253829956
2.1726362705230713
4.433483600616455
5.506155967712402
22.5260066986084
5.189423561096191
4.667068958282471
7.553534507751465
4.2368083000183105
4.382726669311523
8.915346145629883
3.392970561981201
1.4676074981689453
8.613385200500488
2.963139772415161
6.544003009796143
3.2288553714752197
5.2292327880859375
1.3152605295181274
8.3026704788208
22.101215362548828
2.2293827533721924
3.0409040451049805
3.1169533729553223
7.990188121795654
9.071391105651855
3.4478790760040283
2.5522212982177734
2.770928382873535
2.365924596786499
11.418131828308105
1.4361501932144165
14.958649635314941
5.33691930770874
63.971336364746094
7.5638275146484375
17.69414520263672
9.468915939331055
4.328911781311035
3.4832708835601807
21.832799911499023
5.586634159088135
0.38269954919815063
6.05633020401001
4.14167594909668
3.25215482711792
10.718634605407715
3.6141276359558105
2.119278907775879
22.08909797668457
4.338436603546143
22.677215576171875
1.6598957777023315
11.527989387512207
5.179629325866699
20.01158332824707
7.891951560974121
1.0161982774734497
4.258120059967041
39.771793365478516
4.637239456176758
3.274822473526001
47.87823486328125
3.567784309387207
14.279672622680664
8.102484703063965
1.2398141622543335
4.515904426574707
9.8661527633667
11.727861404418945
4.503917694091797
2.662498950958252
4.217486381530762
4.153307914733887
1.5571644306182861
18.203094482421875
3.818875551223755
0.8548607230186462
5.671496391296387
1.7591447830200195
3.1818366050720215
2.1610829830169678
1.1109956502914429
0.3577897548675537
1.3927724361419678
5.478670120239258
1.870980143547058
6.297264575958252
7.688392639160156
12.997568130493164
31.04853057861328
1.7010668516159058
2.7377800941467285
27.820415496826172
4.527395725250244
5.85050106048584
4.028989791870117
1.5761628150939941
2.9202661514282227
0.526330292224884
3.651395797729492
5.842193603515625
5.607527256011963
2.8234968185424805
9.582209587097168
8.455307006835938
6.628785133361816
13.115903854370117
4.645891189575195
90.84220886230469
3.6768429279327393
1.967758297920227
12.530738830566406
2.757094621658325
1.789127230644226
29.38414764404297
17.785993576049805
16.9228515625
1.3356420993804932
1.4865424633026123
4.9012017250061035
29.613265991210938
3.8231327533721924
14.13288688659668
3.119882345199585
7.381434917449951
3.3195323944091797
15.780057907104492
4.775110244750977
4.175840377807617
4.571394920349121
12.225994110107422
2.1187119483947754
8.420443534851074
14.808853149414062
3.2153148651123047
5.298817157745361
3.296952247619629
0.2516665756702423
23.996013641357422
1.780585765838623
8.44017219543457
1.48836350440979
6.083075523376465
2.755525588989258
14.043808937072754
42.32048797607422
4.269630432128906
2.4478628635406494
33.29267120361328
5.734290599822998
9.241600036621094
9.654895782470703
5.381121635437012
1.1741783618927002
10.789715766906738
1.763781189918518
1.8104733228683472
3.666832208633423
60.611419677734375
2.1845593452453613
12.661270141601562
2.1032304763793945
7.238598346710205
15.277527809143066
3.5890510082244873
2.0609946250915527
2.4704718589782715
2.720733880996704
3.627068519592285
2.044768810272217
7.446866989135742
16.5819091796875
0.5389138460159302
4.2582502365112305
2.987870454788208
11.806788444519043
35.84363555908203
35.613731384277344
4.204843044281006
0.8735096454620361
3.4649980068206787
1.5545909404754639
20.70533561706543
1.0639173984527588
5.946000576019287
3.902064323425293
3.9943175315856934
20.98093032836914
7.629474639892578
8.027690887451172
2.447976589202881
4.809637546539307
11.987100601196289
1.6583045721054077
22.30437469482422
11.387373924255371
7.796019077301025
18.956893920898438
8.057966232299805
0.598220944404602
1.8139915466308594
12.749640464782715
13.640636444091797
11.012353897094727
10.697312355041504
16.361055374145508
2.8998780250549316
3.7512733936309814
6.527162075042725
4.462717056274414
0.8176226615905762
4.105116367340088
4.142963409423828
1.2162779569625854
24.66547393798828
4.166134834289551
14.842012405395508
2.5944721698760986
6.6982293128967285
5.214405059814453
8.366944313049316
17.900053024291992
0.6158943772315979
1.4607330560684204
1.3688901662826538
0.4493623375892639
4.687591075897217
2.2199532985687256
12.571762084960938
7.656155586242676
7.332775592803955
2.508500814437866
1.2341771125793457
31.376264572143555
4.396594524383545
5.214807033538818
13.335305213928223
48.826717376708984
1.481560468673706
45.84581756591797
10.831525802612305
6.319494724273682
13.682852745056152
2.206354856491089
14.986696243286133
24.803213119506836
2.3364408016204834
0.803859293460846
21.108911514282227
1.4310996532440186
9.017444610595703
7.6317033767700195
0.5505970120429993
1.1534374952316284
6.821756839752197
7.372842788696289
5.3570475578308105
3.4189324378967285
10.494356155395508
3.774552345275879
1.3216784000396729
0.6155440211296082
3.353473663330078
3.0887765884399414
7.895615100860596
15.040376663208008
2.1958987712860107
1.1999738216400146
11.299522399902344
4.8806962966918945
14.153529167175293
17.38007926940918
3.9779908657073975
3.1410393714904785
1.8036022186279297
5.29993200302124
1.6169755458831787
5.408379554748535
4.062452793121338
2.4027609825134277
1.400405764579773
3.860715389251709
2.2829091548919678
3.0268988609313965
77.22893524169922
6.613238334655762
16.57367706298828
9.67863655090332
2.8992013931274414
0.5878162980079651
7.563345432281494
60.07018280029297
52.728302001953125
47.37036895751953
6.067734241485596
0.036434050649404526
5.358407974243164
1.0492370128631592
6.128353118896484
3.8639426231384277
1.9761364459991455
3.1051859855651855
3.232527494430542
8.953075408935547
4.443636894226074
8.480012893676758
2.7827036380767822
32.09375762939453
16.696165084838867
13.848523139953613
10.757763862609863
6.99989652633667
3.110175848007202
7.551488399505615
18.389240264892578
11.494298934936523
21.45301628112793
2.4907491207122803
0.23474082350730896
26.991249084472656
13.704015731811523
2.201565742492676
0.47917115688323975
12.893892288208008
2.3491950035095215
1.8254234790802002
5.106435298919678
11.344515800476074
3.728271245956421
4.410745620727539
7.238107204437256
25.179359436035156
0.22310523688793182
20.85714340209961
13.978979110717773
3.9503118991851807
11.32454776763916
22.302574157714844
56.192405700683594
3.9364559650421143
15.44029712677002
12.590829849243164
4.751910209655762
1.0155894756317139
2.4450490474700928
9.30940055847168
3.7200660705566406
0.6356896758079529
3.325735569000244
0.7851312160491943
28.52669334411621
6.638065338134766
30.253929138183594
1.358821153640747
4.2626471519470215
2.753696918487549
40.889434814453125
56.32952880859375
3.996950149536133
9.281660079956055
4.786184787750244
3.772815227508545
206.92718505859375
42.85793685913086
15.018805503845215
3.2219736576080322
7.77807092666626
3.0317118167877197
2.690829277038574
9.797561645507812
3.9596874713897705
18.463300704956055
4.37943696975708
1.449109435081482
20.334177017211914
0.43825018405914307
40.279815673828125
10.20644474029541
14.102303504943848
1.6014765501022339
31.40532875061035
4.716851711273193
10.587725639343262
2.5503039360046387
0.18556270003318787
5.538028717041016
0.36887577176094055
8.014229774475098
9.287813186645508
33.261199951171875
4.2733001708984375
17.44145965576172
8.451539993286133
1.9436264038085938
4.895946502685547
10.212810516357422
18.411344528198242
5.390895843505859
8.364086151123047
1.509026288986206
6.072507858276367
13.03354263305664
12.267867088317871
8.699140548706055
0.9002395868301392
14.908164978027344
26.050325393676758
10.546555519104004
3.4161415100097656
13.481560707092285
11.99071216583252
7.9790754318237305
0.6268123388290405
18.72014808654785
5.610710144042969
1.5450481176376343
5.420322418212891
20.07176971435547
5.486179828643799
6.369852066040039
13.72919750213623
11.955809593200684
27.975387573242188
4.921111583709717
5.5467939376831055
3.866011619567871
22.994895935058594
12.16533088684082
3.1645326614379883
25.94735336303711
3.244468927383423
2.9918742179870605
3.0646800994873047
12.70130729675293
4.604362487792969
2.3006701469421387
6.5503692626953125
2.91675066947937
5.874172210693359
12.584476470947266
6.200069427490234
0.7647826075553894
2.703953981399536
1.2779715061187744
16.21847915649414
28.113937377929688
0.407418429851532
2.839975357055664
12.398073196411133
1.8829821348190308
5.335629463195801
9.614906311035156
0.5172687768936157
3.343676805496216
3.3431801795959473
5.234537124633789
6.994630813598633
8.498517990112305
1.263666033744812
6.510705471038818
6.42037296295166
2.624667167663574
5.145178318023682
5.97861385345459
5.639291763305664
1.7865387201309204
16.941570281982422
9.126341819763184
9.342430114746094
3.2458863258361816
10.890958786010742
9.069864273071289
15.32237720489502
13.32514762878418
4.748236179351807
41.221961975097656
13.745476722717285
5.993276596069336
28.325305938720703
4.070234298706055
35.109619140625
13.562426567077637
28.62698745727539
49.85270309448242
17.62567901611328
17.456392288208008
3.471867322921753
1.1566256284713745
3.2329163551330566
8.726807594299316
0.790655255317688
5.31954288482666
6.101192474365234
11.922780990600586
109.92457580566406
2.4785470962524414
4.645619869232178
44.08720016479492
5.167393684387207
21.53860092163086
6.559177398681641
2.698058605194092
1.2543379068374634
9.134757995605469
4.5632829666137695
1.7048296928405762
2.933896780014038
7.493935585021973
2.8810629844665527
1.4369951486587524
3.2581746578216553
2.670827865600586
9.650566101074219
2.834728717803955
28.83877944946289
0.7873146533966064
1.1902257204055786
3.0603556632995605
1.0029876232147217
7.3538126945495605
11.78820514678955
3.5638720989227295
12.80699348449707
30.365249633789062
14.94736099243164
16.359182357788086
1.0124101638793945
5.108922004699707
7.346323490142822
8.83020305633545
12.264317512512207
11.270075798034668
0.34078601002693176
2.4017045497894287
14.619989395141602
15.059659957885742
3.744938373565674
0.4457297623157501
11.76756763458252
10.072295188903809
2.5654306411743164
17.01074981689453
7.717176914215088
5.388579368591309
28.320255279541016
19.59070587158203
2.0198802947998047
2.16190505027771
7.029507637023926
14.029423713684082
5.155470848083496
3.2080535888671875
28.29673957824707
6.595257759094238
2.453096866607666
14.619436264038086
5.417490482330322
6.305864334106445
5.370664596557617