344.50115966796875
4668.26953125
590.4033203125
302.4803161621094
61.60974884033203
1405.7845458984375
77.00406646728516
495.59552001953125
328.3324279785156
305.62078857421875
136.99728393554688
213.79251098632812
166.8756561279297
93.23170471191406
292.35601806640625
139.9362335205078
41.41594696044922
61.11595153808594
97.89459991455078
29.826684951782227
9.87042236328125
112.5941390991211
1243.4351806640625
316.8382568359375
4.535172939300537
34.877689361572266
18.133703231811523
6.518406867980957
13.3546142578125
1.377253770828247
11.462774276733398
0.9118707776069641
6.659482955932617
9.136019706726074
857.40673828125
17.23443603515625
132.7669677734375
6.0095367431640625
101.1307144165039
15.20598030090332
6.0837721824646
59.98396682739258
21.494211196899414
167.0747833251953
3.1393356323242188
25.538543701171875
14.459938049316406
13.54137134552002
2.3313498497009277
24.798980712890625
24.185623168945312
1.8063907623291016
37.03466796875
159.10897827148438
461.00433349609375
1.8970173597335815
7.5643110275268555
123.26153564453125
1.5233323574066162
19.300771713256836
6.536815166473389
2.2758631706237793
11.445077896118164
20.072025299072266
14.726466178894043
5.237613201141357
5.077120304107666
22.852012634277344
2.849503993988037
19.72069549560547
11.253545761108398
34.868934631347656
59.97378158569336
230.9618377685547
6.448005676269531
3.845914125442505
1.5563557147979736
60.37211608886719
53.04175567626953
26.39459991455078
43.140933990478516
192.00411987304688
2.9045567512512207
17.709095001220703
13.110795021057129
41.4037971496582
2.025136709213257
35.035491943359375
10.980228424072266
33.89035415649414
0.9560326337814331
6.83984899520874
25.92275619506836
7.013493537902832
3.438863515853882
0.663245439529419
9.954721450805664
3.9528183937072754
9.09450626373291
20.3243465423584