3.9276421070098877
6.6124114990234375
3.6270029544830322
33.83922576904297
3.8044111728668213
14.957438468933105
9.532695770263672
12.122440338134766
1.3897806406021118
2.027885675430298
4.6221604347229
15.0697021484375
0.7937991619110107
3.6241235733032227
4.568848133087158
3.4457123279571533
5.3902716636657715
6.80868673324585
12.98573112487793
2.8288373947143555
2.997318983078003
2.7494218349456787
2.03755784034729
5.424595355987549
0.8705328106880188
1.9907910823822021
2.802450656890869
0.8959322571754456
1.5721548795700073
0.7154592871665955
1.1640568971633911
0.312152236700058
0.7111575603485107
0.6401659250259399
1.024376630783081
0.8314056396484375
0.4051669239997864
0.5880504250526428
0.5416646003723145
1.487138271331787
1.728595495223999
3.075133800506592
0.12558068335056305
0.03703046590089798
0.7641069889068604
0.3944530487060547
0.25358685851097107
0.9987677335739136
0.5094249248504639
0.8508414030075073
1.3998944759368896
0.19616062939167023
0.3568252921104431
0.18175813555717468
0.11426249146461487
0.05740857869386673
3.496250629425049
0.07472791522741318
0.37993234395980835
0.06537230312824249
0.3603900671005249
0.11903205513954163
2.0498745441436768
0.24647219479084015
0.01773538440465927
0.2120036780834198
0.22926898300647736
0.20513837039470673
0.15971845388412476
0.35656532645225525
0.01792145147919655
0.2029697299003601
0.6819615364074707
0.10804633796215057
0.5864121913909912
0.07860341668128967
0.04757111519575119
0.2112569361925125
0.1768239438533783
0.05201662331819534
1.415987253189087
0.31293001770973206
0.06463880836963654
0.0785888209939003
0.11036668717861176
0.5219363570213318
0.061790235340595245
0.019090360030531883
0.11786045134067535
0.05205871909856796
0.5820931792259216
0.1926698088645935
0.03492286428809166
0.03179936483502388
0.23492833971977234
0.11592419445514679
0.1699647605419159
0.40273019671440125
0.14996835589408875
0.4199278652667999
0.07146111130714417
0.16869860887527466
0.06687761098146439
0.07990719377994537
0.09847871959209442
0.23840270936489105
0.013791783712804317
0.18610350787639618
0.10942775011062622
0.16846583783626556
0.10599634051322937
0.988507091999054
0.06877391040325165
0.07664835453033447
0.2829091548919678
0.04704539105296135
1.2411284446716309
0.022051416337490082
0.03365759924054146
0.27982205152511597
0.01860063709318638
0.07052430510520935
0.24131116271018982
0.3224914073944092
0.10747288167476654
0.3364280164241791
0.14637139439582825
0.06306803971529007
0.07538500428199768
0.19791848957538605
0.15523245930671692
0.08995985984802246
1.2971067428588867
0.02092137187719345
0.050580963492393494
1.3711731433868408
0.20218825340270996
0.06473708897829056
0.2493870109319687
0.21428282558918
0.15405350923538208
0.12577305734157562
0.01126816775649786
0.06093703210353851
0.22595620155334473
1.5177134275436401
0.3843555748462677
0.3800978660583496
0.5666937232017517
0.1727134883403778
0.11870299279689789
0.05486029013991356
0.07865409553050995
0.410727858543396
2.6272950172424316
0.43949398398399353
0.01843331754207611
0.10341370850801468
0.0541687086224556
0.11064355075359344
0.34732919931411743
0.19515147805213928
0.25999826192855835
0.09214825183153152
0.1576939821243286
0.18671223521232605
0.47567296028137207
0.20675882697105408
1.0154898166656494
0.32806599140167236
0.05685746669769287
0.19278022646903992
0.07066860795021057
0.5483438968658447
1.1388335227966309
0.0369502492249012
4.841279983520508
0.19649621844291687
0.3636450171470642
0.3140871822834015
0.3383522927761078
0.027330078184604645
0.047033291310071945
0.10074818879365921
0.5945219397544861
0.3506803512573242
0.10357720404863358
0.11131016910076141
0.14363667368888855
1.1705760955810547
0.1408156156539917
0.3712832033634186
0.13806238770484924
0.1363808810710907
0.0047097890637815
0.7320443391799927
0.031990621238946915
0.13834978640079498
0.04647894948720932
0.3722962439060211
0.41662389039993286
0.03644182160496712
0.10069653391838074
0.6017637848854065
0.05920964106917381
0.028461143374443054
0.1347980797290802
2.2594308853149414
0.13363909721374512
0.260976642370224
0.5504719018936157
0.08711348474025726
0.09003740549087524
0.19572721421718597
0.015705997124314308
0.2884139120578766
1.167994737625122
0.18006180226802826
2.132185697555542
0.07275469601154327
0.5675928592681885
0.017257651314139366
0.7655820250511169
0.05926790460944176
0.16658523678779602
0.06520403921604156
5.6060566902160645
0.07962575554847717
0.09599870443344116
0.5341010093688965
0.2684473693370819
0.4237935543060303
0.10901553928852081
2.32590389251709
0.04627253860235214
0.1387813836336136
0.04796743392944336
0.02700313925743103
0.04729616641998291
0.25618478655815125
0.20653840899467468
3.005711078643799
0.17503121495246887
0.10669214278459549
0.09658192098140717
0.6004605293273926
0.08403302729129791
0.08930820971727371
0.024828672409057617
0.15667881071567535
0.8452848792076111
0.028423266485333443
0.11447656154632568
0.16405567526817322
0.10764340311288834
0.30010396242141724
0.29230913519859314
0.2922562062740326