5.892179489135742
1.3118505477905273
3.065347671508789
10.563643455505371
4.175921440124512
1.0418426990509033
1.2313531637191772
10.915873527526855
31.703706741333008
0.2209518998861313
4.646845817565918
0.8041670918464661
3.2645411491394043
15.900217056274414
20.83388900756836
0.025101056322455406
1.1567965745925903
9.486957550048828
1.0845239162445068
1.6395448446273804
24.381393432617188
7.881877899169922
8.02993392944336
0.5368616580963135
3.5664215087890625
2.22877836227417
8.024510383605957
2.08301043510437
6.414373397827148
4.630687713623047
0.6785500049591064
2.037523031234741
2.6935906410217285
0.9959259033203125
1.2962428331375122
1.6076045036315918
3.1262834072113037
6.569788932800293
2.1585962772369385
1.3203332424163818
0.8452268838882446
0.7745043635368347
3.0168821811676025
1.4312416315078735
1.157839298248291
1.4653427600860596
1.272154688835144
1.5033504962921143
1.5533087253570557
0.304458349943161
0.020535623654723167
0.9104095101356506
0.1154089868068695
1.4442334175109863
1.1902377605438232
1.1065798997879028
2.193267345428467
1.2032685279846191
0.5886873006820679
0.307963490486145
0.4654140770435333
1.9151333570480347
4.885804176330566
0.14629751443862915
1.402018427848816
2.4444687366485596
0.7036640048027039
0.9123464822769165
1.2516748905181885
0.694014310836792
0.5301051139831543
0.22133606672286987
0.8601517677307129
7.776148796081543
3.733393907546997
0.4344494938850403
0.2516936659812927
1.2620112895965576
2.035595655441284
0.7440317869186401
1.9417731761932373
0.13140001893043518
2.816235065460205
1.5194602012634277
1.0000114440917969
0.22061367332935333
0.9622076749801636
0.3246004581451416
0.4821203351020813
0.3491627275943756
0.6675929427146912
3.115788459777832
0.7574477195739746
0.11279775947332382
0.26732659339904785
2.7236135005950928
0.5626546740531921
0.27753204107284546
0.12385834753513336
0.6451627612113953