5.627014636993408
5.792110919952393
7.334873199462891
8.973858833312988
4.784693717956543
16.356895446777344
1.8070259094238281
2.8278911113739014
23.840343475341797
4.646018028259277
1.5363667011260986
7.612006664276123
14.90170955657959
2.5535123348236084
2.1444497108459473
14.472350120544434
8.913078308105469
17.842910766601562
7.675044059753418
8.77184009552002
3.4268436431884766
1.4914352893829346
3.9517171382904053
7.2094902992248535
2.091214656829834
6.357182502746582
0.70097815990448
1.7323514223098755
1.066422939300537
2.9141836166381836
3.4030802249908447
1.7520641088485718
3.272202968597412
3.741420030593872
2.7719993591308594
3.987985134124756
0.369598925113678
0.2683916985988617
1.3131475448608398
0.5037249326705933
1.2448338270187378
1.61440110206604
1.7705390453338623
10.262648582458496
1.808847427368164
0.8964564204216003
2.6674726009368896
4.206167697906494
6.503334999084473
0.7670706510543823
0.5618981122970581
1.5323874950408936
7.281895160675049
1.6533489227294922
2.3191728591918945
0.8368279933929443
3.554979085922241
0.978263258934021
0.6747548580169678
3.916692018508911
2.613950729370117
0.74120032787323
1.1773847341537476
1.4557445049285889
1.332547664642334
2.1040945053100586
1.4227917194366455
0.5637365579605103
0.3169406056404114
0.2798863649368286
1.660455346107483
1.1139745712280273
1.7745816707611084
0.6140711307525635
0.2572936713695526
0.36668330430984497
0.20014861226081848
0.12820829451084137
0.49977612495422363
1.2117033004760742
2.00421142578125
0.1556675285100937
1.324582576751709
0.7271572947502136
1.1160129308700562
0.3290959596633911
0.5200144648551941
0.4654528498649597
0.5345754623413086
1.0734286308288574
0.2052302062511444
0.5419022440910339
0.41254910826683044
0.3727644681930542
0.26067087054252625
0.8103312849998474
0.18819397687911987
0.3041325509548187
1.2324773073196411
0.4377622902393341