2.634716510772705
14.346518516540527
21.829622268676758
5.533723831176758
3.3135852813720703
6.621726989746094
2.190944194793701
5.010646820068359
15.562433242797852
21.94876480102539
6.5646071434021
0.6807981133460999
0.9784209728240967
1.1266214847564697
22.73409652709961
5.408263206481934
1.3438618183135986
7.444685935974121
0.9147171378135681
2.9003450870513916
1.5639026165008545
0.9159252643585205
5.406114101409912
2.7545888423919678
1.3230392932891846
1.2586455345153809
0.8365803360939026
3.4229865074157715
1.5905156135559082
1.038881540298462
4.197661399841309
0.3588537573814392
1.014607548713684
1.478456735610962
0.33495208621025085
2.384340286254883
0.9479804635047913
0.3474332094192505
1.1682027578353882
4.351540565490723
6.532588005065918
2.7674620151519775
1.1128785610198975
0.20765520632266998
0.3195115029811859
0.3760506808757782
1.3223519325256348
2.162350654602051
0.5621582865715027
0.9493128061294556
1.613221526145935
2.528693199157715
0.5024167895317078
0.9081154465675354
0.28398120403289795
0.15130487084388733
1.6665531396865845
0.39513736963272095
0.24258330464363098
0.3501911759376526
0.1506091207265854
0.4154174029827118
0.2938638925552368
0.07810477912425995
0.13775165379047394
0.37681615352630615
0.08564776182174683
1.366175889968872
0.09313184767961502
2.752579689025879
0.17601005733013153
0.4851146340370178
0.2387644350528717
1.194138526916504
0.32251906394958496
0.3965267539024353
0.7487282752990723
0.054554447531700134
0.6727017760276794
0.4709308445453644
0.6359333992004395
0.5568766593933105
0.28315815329551697
0.41327446699142456
0.2582912743091583
0.3082868754863739
0.5162720680236816
0.2633625864982605
0.17627236247062683
0.8711012601852417
0.213856041431427
0.6032119393348694
0.2620294988155365
0.3561992645263672
0.12228389829397202
0.058836862444877625
0.29236558079719543
0.13085010647773743
0.091827891767025
0.6397879123687744
0.5312016606330872
0.16006192564964294
0.24072113633155823
0.11429744958877563
0.027139555662870407
0.5972104072570801
0.17168323695659637
0.8927419781684875
0.2664182782173157
0.6700487732887268
0.16874097287654877
0.1211571991443634
0.11840231716632843
0.6984319090843201
0.13008315861225128
0.10897952318191528
0.3043484687805176
0.05281832069158554
0.3145504891872406
1.6016051769256592
0.23683574795722961
0.5204781889915466
0.32709982991218567
0.13774734735488892
0.5324227809906006
0.455964058637619
0.2621527910232544
0.32838720083236694
0.4016948342323303
1.5969514846801758
0.30233338475227356
0.31008103489875793
0.5409247875213623
0.20285993814468384