1113671.25
1499059.25
12827270.0
839680.9375
33263.828125
4830255.0
9368486.0
180840.84375
65863.015625
6837440.0
4865072.5
2418019.0
2194157.5
922561.5
112760.53125
22034990.0
23133368.0
18747238.0
2209282.75
15885784.0
37252740.0
5437352.0
139760.265625
20673296.0
16167521.0
938751.625
371137.78125
349156480.0
16307439.0
250477.9375
1310203.0
2486831.5
3405803.5
13002118.0
219469.625
220045.515625
1805362.75
464670.96875
1467918.875
43167.95703125
265565.78125
327408.625
349176.59375
22598880.0
32938.0234375
7998.322265625
7701939.5
23849916.0
2098933.5
133502.984375
8476964.0
1372444.125
832949.0
1060428.25
1261492.75
731373.1875
21351.990234375
1479485.875
2711710.0
26855220.0
103886.375
8613.9091796875
7034058.0
1066640.25
232488.34375
72480.8203125
814576.25
709495.125
5898041.0
296906.09375
10003723.0
2003498.75
21667046.0
4585225.0
7033268.5
1852108.75
32042.30078125
25095.771484375
23908860.0
33616.7890625
3759463.0
1092377.875
2403040.0
4422877.0
4669217.0
11696617.0
7905754.5
3644937.75
57182.2421875
2350817.5
1844636.625
3241645.25
12491886.0
124270.921875
782831.125
3006753.75
970036.75
9124.703125
15894534.0
10900326.0
126125.90625
10344281.0
495463.59375
84809.2265625
24894.23828125
5782761.0
737229.5
4193721.5
1110298.0
1926524.0
53103.6015625
1446145.0
20896214.0
10698.8349609375
1083773.625
341990.28125
8346097.0
5501191.5
46930.44140625
144666.5625
507351.25
169450.921875
33429.2265625
546621.625
19299364.0
2114563.0
1236051.25
2218253.5
682179.5
2311876.75
27762.662109375
8718983.0
135221.15625
254516.65625
612462.0625
41217.7109375
5402939.0
83194.0078125
6552987.5
52722028.0
7635374.0
22767.37890625
2066017.625
1857698.75
3439236.0
1511557.25
717997.875
228985.5625
1654.512939453125
200986.828125
176513.125
639196.1875
75405.4765625
176438.9375
17126.095703125
197086.75
90190.375
61529.42578125
206729.0
2165947.75
1872037.75
337132.21875
186246.25
31416.55859375
171814.84375
1740791.75
2494160.75
311934.46875
717326.75
1579549.625
8053861.0
124542.0625
27461.109375
15401502.0
134077.46875
6038895.0
649491.5
1120049.0
175356.59375
98280.3984375
60611.87890625
4014775.25
17068386.0
132256.796875
215954.96875
687551.0
2376456.5
691250.125
95321.765625
12688.41796875
966771.5
190905.96875
326108.46875
5221.71435546875
1366010.0
21590.08203125
75947.0703125
37534.6171875
35737880.0
75961.59375
4557802.0
3334457.5
25055.875
83144.3671875
2529502.0
250380.03125
1766254.5
1538657.0
10675585.0
621213.3125
288169.15625
11429492.0
1407596.25
496544.65625
191148.84375
28189240.0
252094.625
2262431.25
123435.0546875
4337701.0
2133329.0
448792.4375
7266849.0
11410.1220703125
1355663.875
3138981.25
6070836.0
274406.8125
2159649.75
809031.625
2936814.75
5420218.5
1437572.5
2411252.0
41520.890625
397503.46875
722782.1875
16335505.0
194802.28125
91727.5703125
12927000.0
10858710.0
91171.109375
3563587.25
6060779.0
179710.0
17761856.0
271021.0625
208515.703125
17442838.0
1430047.375
2107302.0
24652136.0
321769.84375
1425601.375
1682635.125
133639.859375
1711501.0
849455.25
4572065.5
312404.3125
17390240.0
5620829.5
648306.875
23034.423828125
784492.375
6988854.5
199221.703125
561049.625
7582275.0
163457.78125
44497.8203125
196033.875
341797.125
11862040.0
4726448.5
347356.375
202497.734375
629650.3125
2902797.5
65670.359375
95612.7890625
20720092.0
25885.26171875
368376.90625
524608.625
12153.53125
2635358.0
1501720.0
474793.5625
278429.5
3835384.0
2192975.75
4093923.5
5357732.0
488134.4375
215695.53125
84569.09375
1924764.5
3487334.75
824143.875
392293.125
2742632.25
2788302.5
908792.25
1248718.5
483028.4375
206796.515625
7096155.0
160254.09375
236291.375
737180.8125
293725.125
8186241.0
782292.5625
9718251.0
1707497.25
4233710.5
1415678.75
4612684.0
1083329.0
280854.0625
883314.125
86696.15625
426697.1875
190456.96875
2937851.0
2569017.0
29485.37109375
395781.875
1127853.75
986352.375
293.91143798828125
1135171.625
201428.859375
12286.98828125
158250.953125
447598.59375
102440.609375
879045.8125
642917.875
34209060.0
2364485.25
64666.75
1207889.875
535984.5625
8478196.0
339747.5
332175.1875
329945.4375
997760.625
10576281.0
5435871.5
933543.4375
188882.375
2006540.375
16819966.0
113817.484375
8710794.0
3415406.75
9910465.0
2590211.0
4454200.0
211665.125
533198.8125
2409652.25
29854.0859375
301590.875
7779891.0
2543321.75
206088.5
6800010.0
17427.150390625
7357.9814453125
5131198.0
731376.4375
291002.9375
38324.359375
3551078.5
1043093.625
3291455.0
319675.21875
2417396.5
4552517.5
22502.95703125
3047056.75
142868.78125
7257700.0
1623900.0
1450752.375
869890.375
2338554.25
8666302.0
7322.146484375
361006.09375
20859880.0
15357.6953125
3111.726318359375
1974853.375
555645.375
81441.3984375
174865.53125
363777.0625
6015441.0
222731.828125
5278988.5
59993.73828125
14342.609375
539881.3125
5500967.0
454687.0
493003.96875
1942476.25
346727.53125
147734.953125
740600.0625
67265.09375
4207196.0
5376279.5
104572.21875
2618215.0
2298818.25
872555.25
6831321.0
218028.671875
1910636.5
96085.84375
59895.265625
1439319.25
1226935.25
174630.296875
152037.296875
1692274.375
219214.78125
4198293.0
324838.03125
118059.265625
63480.890625
4085844.75
2794192.5
50842.90625
4791111.5
514700.1875
776214.5
3180915.0
222676.84375
4355170.0
383418.875
361529.375
5822899.5
638952.4375
3352520.0
4254547.0
4039196.75
1541096.5
1217112.75
567586.375
52767.71875
199981.90625
6451006.0
140353.0
1401752.375
566784.75
1104372.75
10042380.0
262753.78125
4854537.5
7375.2646484375
1327884.5
2466557.5
2898651.5
339779.125
32113.58984375
62903.28125
3412038.5
7121789.0
883333.0
47608536.0
32188.1015625
6203502.0
4187054.75
6612201.0
4496.85693359375
91680.0
972029.25
761751.0
316513.875
4197475.5
36264952.0
20084290.0
1339211.5
981762.625
23563.126953125
1758143.5
23834.66015625
567132.6875
1970501.625
89753.25
2760597.5
1925180.5
474727.125
1226204.125
236724.90625
6089.76953125
5449095.5
14376310.0
166273.578125
54790.28515625
705786.75
102810.890625
369277.0
108650.71875
4049768.75
2750438.5
4151073.5
6009569.0
188545.25
110974.890625
491738.9375
21713872.0
3888536.5
2472020.0
219975.90625
82455.03125
369042.4375
357318.9375
537894.0
21552492.0
672987.3125
708403.5
4877346.0
57033.125
2332441.25
5595941.5
103181.296875
54378.31640625
1227645.75
102979.6875
53734.94140625
8121691.0
14228.203125
2264833.25
7119859.0
4257400.0
83168.8515625
46909.4296875
193579.65625
1677672.5
11315.748046875
7462262.0
6261.1748046875
130656.15625
67712.8671875
7063107.5
1551576.5
9120944.0
22193334.0
1920356.625
103527.5546875
29681.072265625
1813808.25
1365537.0
3635957.0
223815.125
595979.0625
12002868.0
11084800.0
92843.3828125
8903510.0
21371832.0
2303117.0
860619.875
599416.625
848165.0625
22293.767578125
1651858.125
151857.5
3840949.25
254349.515625
3539141.5
102996.46875
943362.5
329749.3125
82746.140625
293582.5625
143160.171875
153055.765625
43593.53125
231597.625
630937.875
1168463.0
232828.84375
53646.6796875
36542216.0
22455936.0
1604101.25
8647069.0
2211783.75
6979913.5
14235.6572265625
1603172.75
62491.9296875
3032968.0
11560624.0
19965276.0
140839.09375
1823278.625
19019876.0
939175.625
128731.515625
4792898.0
4603785.5
63287.8046875
4739331.5
38138.27734375
6252184.0
215459.65625
398700.9375
30262.837890625
1333587.375
282424.84375
1463021.75
127430.484375
185638.1875
4382.75390625
217798.0625
603772.8125
12313202.0
766410.8125
816191.375
1361913.0
325926.40625
614723.3125
785823.0625
183227.84375
310560.375
78384.125
259454.78125
18670608.0
120034.5234375
2249806.25
1410073.5
234676.25
88256.921875
5496.14453125
23996.32421875
580093.25
2416086.25
7927351.0
67817.96875
349880.25
356616.8125
27319800.0
7081304.0
918414.625
5923616.0
60740.88671875
100950.375
1698799.25
2329704.0
28045108.0
13775.5537109375
18924.693359375
718078.25
95126.296875
32222.486328125
4489416.0
7865.56982421875
1285023.0
529877.5
939268.5625
266412.71875
507176.5625
362248.09375
142190.84375
256238.0625
342203.40625
2408360.5
63379.78515625
52625.7421875
3469522.25
1076302.625
5379095.0
3659170.5
43234860.0
1394660.375
2548016.5
273921.3125
1325858.0
891284.3125
3725655.5
1344173.875
280865.71875
78344.96875
92450.3125
568.2996826171875
1534999.625
758565.0625
522018.1875
225600.0
187271.546875
31954.689453125
1403870.5
173463.875
930061.0
37172.375
30667.58984375
113595.921875
866527.9375
23670816.0
228085.4375
1245709.875
3549621.5
3914525.0
4163202.0
156455.6875
228761.734375
14496.564453125
1006.298828125
224253.71875
1996075.625
15836200.0
2413586.75
148005.140625
1336815.375
11398.7568359375
638842.625
2126228.0
204880.375
124661.2734375
1082807.375
253139.734375
1635484.75
27357248.0
598287.25
555593.875
2947495.75
131738.3125
310297.46875
1967802.75
386968.5
5225991.0
73622.125
59109.58984375
112005128.0
8866255.0
6600409.0
53652.34375
128123.453125
45615.31640625
443005.3125
184443.609375
504750.5625
845369.375
2553430.75
15977.2490234375
16298.078125
4524916.0
1572194.75
1245540.625
155403.171875
210457.796875
86193.0234375
385626.53125
97461.4609375
41513.83984375
706402.3125
243975.71875
5535330.0
41656.77734375
175022.265625
1323209.125
321733.25
404721.96875
74807.9609375
11782.990234375
2252784.75
69993.765625
395252.75
826967.0625
290835.5
56582.3203125
102941.0625
52622.2421875
4559265.0
1310550.0
16072.5556640625
1747862.0
4130212.5
380861.59375
856513.3125
316214.5625
4505263.0
525360.625
2294995.75
42837.125
14661513.0
6868533.0
604201.25
957875.3125
3765389.0
100797.4609375
33255.109375
151568.0625
10783.115234375
86327.328125
42376.10546875
1373505.5
7803941.0
265632.75
129475.515625
127858.296875
126670.3515625
20308.525390625
40974.64453125
4466566.5
14077.173828125
1875307.375
240637.28125
104134.9453125
6862811.0
6704.21240234375
764124.3125
5710.7431640625
1170276.25
3485261.0
1216673.0
9123509.0
815111.8125
6613275.5
20674.0625
1580036.25
14179723.0
48751.4921875
1996648.375
46287.390625
400867.125
7349373.0
404974.28125
12880583.0
1294989.875
10172904.0
1954.419189453125
929514.4375
524686.0
255191.375
3098769.0
5280184.0
239426.0625
4688722.0
435226.78125
88822.8984375
954967.9375
5818904.5
10025930.0
68847.59375
4630765.5
130174.40625
148065.109375
69937.5078125
18729.279296875
7065995.0
422177.15625
8718956.0
222577.9375
47780.70703125
38124.8125
773932.75
117461.109375
1192700.125
436748.40625
847737.1875
10815046.0
6219776.0
1255380.875
221852.578125
429198.0
915593.75
10477177.0
2860691.75
6265993.5
35504.1953125
1090880.25
893266.625
486694.875
4999965.0
7234737.0
1222537.875
92815.203125
44033.71875
24328.16796875
101983.2421875
441396.5625
1047775.5625
89523.7109375
201931.09375
363112.90625
2403908.5
35027.421875
106744.515625
3618870.5
18157.990234375
1761314.25
181572.125
262000.71875
656316.9375
4423989.0
32088416.0
68028.9609375
3928296.75
189665.6875
605418.25
27676.310546875
841004.125
298537.5625
9186312.0
22510612.0
100300.7890625
818669.0625
4010636.0
72640.375
14114.5693359375
116075.765625
304433.0625
341224.875
7420056.0
475041.125
111715.2109375
19580.47265625
2190322.25
11773506.0
69327.9609375
206768.765625
18945.22265625
13229419.0
147129.828125
142862.6875
11531766.0
66935.40625
4075817.0
6369687.5
392483.75
10542.1806640625
27401740.0
2057651.375
17103988.0
2370466.25
539893.625
1248786.375
18215748.0
4538.03955078125
63511940.0
289674.96875
169704.6875
3601864.0
21178274.0
620213.3125
1919279.875
14162.408203125
1526041.5
1022388.5
2362131.75
56639.2734375
1586243.75
30418.7890625
16300429.0
19677.47265625
235096.90625
6048916.0
21924.3515625
19343598.0
27165.96875
1791374.125
15308641.0
1249165.75
5186106.5
10585252.0
71758.453125
63181.3203125
218101.828125
2081685.75
1025446.875
11713.4052734375
435001.625
14558.412109375
16390693.0
27099.21484375
120514.2578125
15639780.0
58324.65234375
901828.4375
4448128.0
27650.712890625
2744758.75
4530516.5
1319915.625
1055277.625
3124587.75
3455081.25
820194.625