5.162863254547119
4.555272102355957
15.97908878326416
2.3140180110931396
0.6439471244812012
13.302386283874512
1.6669094562530518
2.800238609313965
3.3318848609924316
2.4188666343688965
2.0340490341186523
21.987232208251953
0.974695086479187
6.245404243469238
0.8523404598236084
0.783141016960144
1.011319637298584
4.955387115478516
1.6081575155258179
2.4264726638793945
1.6150071620941162
1.4216846227645874
8.186540603637695
1.1415746212005615
5.2266526222229
4.392427444458008
0.948911190032959
3.160065174102783
2.716041088104248
1.492276668548584
3.230262279510498
2.0984251499176025
0.8049871325492859
0.49452078342437744
0.6511932611465454
1.670778512954712
1.6416364908218384
2.8381187915802
0.6945880055427551
0.35936594009399414
1.0002319812774658
0.300045371055603
2.0432026386260986
0.24741779267787933
0.0968417376279831
0.2637339234352112
0.4417666792869568
1.0342304706573486
0.1061716228723526
0.21620003879070282
0.09127675741910934
0.3371351957321167
0.6373986005783081
0.3600374758243561
2.3577606678009033
1.4054266214370728
0.23661307990550995
1.0200448036193848
0.6182208061218262
0.23183009028434753
0.22522135078907013
182.15745544433594
0.1632087230682373
0.9306885600090027
0.14292393624782562
0.3449714183807373
0.1453849822282791
0.11924005299806595
0.1560828685760498
1.1723618507385254
3.2318639755249023
0.343741774559021
0.06941104680299759
2.412229299545288
0.4874182939529419
0.5889319181442261
0.03992303088307381
0.03641309216618538
0.2613496482372284
0.1245134100317955
0.05446626991033554
0.04777215048670769
1.35903000831604
0.37125542759895325
0.5408545136451721
0.2544785141944885
0.7004861831665039
0.022550683468580246
0.17848069965839386
0.7816135883331299
0.10484985262155533
0.11194850504398346
0.6280437111854553
0.2296990156173706
0.6749148964881897
0.513588011264801
0.2144540697336197
0.05499571934342384
0.035868823528289795
0.29904884099960327
0.15971703827381134
1.1597946882247925
0.23650594055652618
0.18610498309135437
0.46672531962394714
0.3441127836704254
0.12717686593532562
0.2699320912361145
0.6686263680458069
0.11890812963247299
0.6612305045127869
0.9555000066757202
0.32940149307250977
0.0897180512547493
0.2549671232700348
3.741121768951416
0.14769752323627472
0.566097617149353
0.051545098423957825
0.05597550794482231
0.5111782550811768
0.516951322555542
0.3042822778224945
0.9735395908355713
0.4238731563091278
0.14320547878742218
0.20159651339054108
0.05964411795139313
0.0695858895778656
1.0843462944030762
0.6326330304145813
0.05221407115459442
0.7537541389465332
8.768464088439941
0.20646056532859802
0.09477926045656204
0.0450211763381958
0.15790513157844543
0.0860825777053833
43.239013671875
0.024509195238351822
0.7361078858375549
0.15992698073387146
0.15231813490390778
0.061815306544303894
0.07609571516513824
0.09805167466402054
0.7286558747291565
0.08407102525234222
0.09798694401979446
1.0908530950546265
0.2078830450773239
0.05980589985847473
0.312880277633667
0.12956836819648743
1.1914753913879395
0.14552746713161469
0.18788067996501923
0.00455086724832654
0.06079140678048134
0.09364918619394302
0.24858063459396362
1.6973309516906738
0.12630176544189453
0.19795460999011993
0.3286925256252289
0.4415696859359741
0.03126586228609085
0.1743110716342926
0.13263267278671265
0.12887753546237946
0.11135925352573395
0.06149488687515259
0.058989088982343674
0.020094601437449455
0.673026442527771
0.21096867322921753
0.2612907886505127
0.024655921384692192
0.11392757296562195
0.09424232691526413
0.4121856987476349
0.18025538325309753
0.08021250367164612
0.015708668157458305
0.08351731300354004
0.46193358302116394
0.03687360882759094
0.14862202107906342
1.0451128482818604
0.19989903271198273
0.10899701714515686
0.030291244387626648
0.8818354606628418
2.2983646392822266
0.022053660824894905
1.2608351707458496
0.358418732881546
0.047529030591249466
8.16447639465332
0.15348131954669952
0.14430731534957886
0.04155357927083969
0.1220167875289917
0.12140347808599472
0.07535618543624878
0.29108303785324097
0.6078746318817139
0.029673434793949127
0.0511188805103302
0.08692622184753418
0.06398966908454895
11.464699745178223
0.6395485997200012
3.2830796241760254
0.8740346431732178
0.38605061173439026
0.008453347720205784
0.46117472648620605
0.06510965526103973
0.287383109331131
1.0399078130722046
0.015604096464812756
0.05520655959844589
0.062019117176532745
0.12189914286136627
0.10707323253154755
0.33183205127716064
0.06328540295362473
0.0528092123568058
0.029584847390651703
0.12915539741516113
0.03179141506552696
0.6564365029335022
0.025993093848228455
0.06482582539319992
0.046687960624694824
0.27332067489624023
0.10909813642501831
0.07371360808610916
0.03707941621541977
0.3104593753814697
0.07944189757108688
0.07152918726205826
6.157023906707764
0.2800056040287018
0.1882214993238449
0.020725494250655174
0.037989888340234756
0.051912374794483185
0.12436001002788544
0.11869937926530838
0.15136435627937317
0.33611753582954407
0.2605612277984619
0.020683471113443375
0.040710095316171646
0.3092537224292755
0.03550553694367409
2.002825975418091
1.0812649726867676
0.01611119508743286
0.35292789340019226
0.29956790804862976
3.0827291011810303
0.11495400965213776
0.25142401456832886
0.5535598397254944
0.1374749392271042
0.07874702662229538
0.026294860988855362
0.20954486727714539
0.03402269259095192
0.015822701156139374
0.012736160308122635
0.2185571789741516
0.014611362479627132
0.2575831413269043
0.008400758728384972
0.07951629906892776
0.2474205195903778
1.0613882541656494
0.05867422744631767
0.11233662813901901
0.23382686078548431
0.11393271386623383
0.16980776190757751
0.11928614974021912
0.15235379338264465
0.05497441440820694
0.14085130393505096
0.15871545672416687
0.09208544343709946
0.17220796644687653
0.5239168405532837
0.32727470993995667
0.21057726442813873
0.03548836708068848
0.06406192481517792
0.24528126418590546
0.08206583559513092
0.06465570628643036
0.43817970156669617
0.31306275725364685
0.16679880023002625
0.12689164280891418
0.024068420752882957
0.8737793564796448
0.10140342265367508
0.131569042801857
0.04976286366581917
0.04913865774869919
0.017683623358607292
0.35704249143600464
0.07093643397092819
0.24069206416606903
0.06821201741695404
0.044502176344394684
0.02211509831249714
0.054546255618333817
0.06122658774256706
0.1692218780517578
0.02748105302453041
0.2903746962547302
0.11235104501247406
0.02655426599085331
0.21736355125904083
0.04783225804567337
0.016212627291679382
0.047604210674762726
0.08836372196674347
0.07674746215343475
0.04347136244177818
1.2488282918930054
0.31380346417427063
0.28940266370773315
0.012021533213555813
0.07870320230722427
0.02686724066734314
0.07090602815151215
0.008488934487104416
0.21504494547843933
0.030741559341549873
0.07588130980730057
0.009715826250612736
0.04887969046831131
0.5094864368438721
0.10699256509542465
0.06401035934686661
0.05500749126076698
0.1426093876361847
0.03972374647855759
0.3560923933982849
0.40350645780563354
0.18063239753246307
0.029728567227721214
0.0698486864566803
0.04516664147377014
0.23663166165351868
0.008575468324124813
0.03633434697985649
0.9071666598320007
0.024624953046441078
0.7246841192245483
0.13655927777290344
0.05655457824468613
1.3696051836013794
0.21494978666305542
0.18473726511001587
0.43114352226257324
0.09877318888902664
19.26999855041504
0.02519957721233368
0.024478323757648468
0.05545029789209366
0.05770173296332359
0.1399950236082077
0.06944973766803741
0.05376799777150154
0.02945483848452568
0.9461976289749146
0.2625688314437866
0.08125878870487213
0.42202189564704895
0.11280488967895508
0.36713895201683044
0.08633729815483093
0.22815461456775665
0.23824670910835266
2.9525725841522217
0.031717754900455475
0.08832798153162003
0.01690177619457245
0.05207739770412445
0.24560464918613434
0.13489297032356262
0.13456684350967407
0.014644674956798553
0.2450096607208252
0.0779179111123085
0.03930022194981575
0.0751977264881134
0.02220621332526207
0.645973801612854
0.17171946167945862
0.33768510818481445
0.06244518235325813
0.006850166711956263
0.18549244105815887
0.059725236147642136
0.20833687484264374
0.035758912563323975
0.0924927368760109
0.06325048953294754
0.1840638816356659
0.01443998422473669
0.15364065766334534
0.003399311564862728
0.07061351835727692
0.9854892492294312
0.10911351442337036
0.09395000338554382
0.05130814015865326
0.11655498296022415
0.16281747817993164
0.7320817708969116
0.049221221357584
0.018719540908932686
0.08778242766857147
0.01830890402197838
0.08171340823173523
0.18119466304779053
0.05404099076986313
0.1027621254324913
0.06771710515022278
0.10475730895996094
0.41718125343322754
0.07730782777070999
0.2150244265794754
0.28380370140075684
0.1508799046278
0.11572159826755524
0.33618396520614624
0.0658414363861084
0.03677624836564064
0.047177549451589584
0.015813114121556282
0.021329540759325027
0.02171482890844345
0.10671105980873108
0.14016924798488617
0.2751898765563965
0.20248457789421082
0.09355103224515915
0.0869947224855423
0.1695878803730011
0.03220083937048912
0.027158886194229126
0.04354463517665863
0.14515601098537445
0.028955690562725067
0.008731232956051826
0.024690624326467514
0.014584047719836235
0.07003116607666016
0.08263973891735077
0.06589624285697937
0.034572407603263855
0.7155947685241699
0.05997896194458008
0.12197175621986389
0.0034636796917766333
0.01685178652405739
2.3366615772247314
0.08140987157821655
0.5434865951538086
0.03918682411313057
0.09928400814533234
0.07144339382648468
0.010191184468567371
0.17907816171646118
0.021737098693847656
0.5209690928459167
0.0033553189132362604
0.2513344883918762
0.03873104974627495
0.10222101211547852
0.036147721111774445
0.04405421391129494
0.10068187862634659
0.23294591903686523
0.02714773267507553
0.011461533606052399
0.07069104164838791
0.11646351963281631
0.028227217495441437
0.6103797554969788
0.10482082515954971
0.07234104722738266
0.06847460567951202
0.40461158752441406
0.12754181027412415
0.15506646037101746
0.07616718858480453
0.4055878818035126
0.3352575898170471
0.003915370907634497
3.797774076461792
0.06772220134735107
0.22754037380218506
0.03073868155479431
0.03706644847989082
0.030358651652932167
0.031421106308698654
0.3010903298854828
0.07631386816501617
0.10245761275291443
0.06395713239908218
0.017867011949419975
0.04445929452776909
0.2487376183271408
0.04222359508275986
0.11209657788276672
9.365119934082031
0.25569668412208557
0.6093187928199768
0.15411219000816345
0.09950139373540878
0.04216626659035683
0.013136284425854683
0.017917536199092865
3.5308940410614014
0.02669253572821617
0.05184419825673103
0.06736189126968384
0.2810989022254944
0.6230189800262451
0.05941496044397354
0.008041784167289734
6.7391862869262695
0.20548786222934723
0.039502572268247604
0.07302877306938171
0.005319730378687382
0.03030739538371563
0.0888882726430893
0.31393417716026306
0.016857817769050598
0.4423975348472595
0.19111743569374084
0.057930756360292435
0.41304463148117065
0.0345124751329422
0.3411654829978943
0.19383391737937927
0.07847682386636734
0.2919611930847168
0.15985561907291412
0.12307988852262497
0.03376123681664467
0.018512079492211342
0.11220736056566238
0.03493581339716911
0.00991235300898552
0.09112080186605453
0.22955647110939026
0.031257085502147675
0.044845517724752426
0.01554359495639801
0.03857797384262085
0.056858234107494354
0.08253347128629684
0.38587644696235657
0.04175092279911041
0.016078397631645203
0.028703531250357628
0.03668510168790817
11.977446556091309
0.05078339949250221
0.0197965856641531
0.1259087473154068
0.2197040468454361
0.17488636076450348
0.09216225892305374
0.6735588312149048
0.09440931677818298
0.27262964844703674
0.0232535470277071
0.23908492922782898
0.17694781720638275
0.48526912927627563
0.05448214337229729
0.02862136997282505
0.050545621663331985
0.1030273362994194
0.036112889647483826
9.834856033325195
0.027015572413802147
0.013535031117498875
0.06760751456022263
0.12769469618797302
0.09075036644935608
0.03921788930892944
0.20148928463459015
0.2942517399787903
0.07129370421171188
0.11416573822498322
0.04845890402793884
2.5310707092285156
0.03891666978597641
0.114375039935112
0.07764950394630432
0.233423113822937
0.21238456666469574
0.05466778576374054
0.16351768374443054
0.5040044188499451
0.0682128518819809
0.03485925495624542
0.018128950148820877
0.010169951245188713
0.0441463403403759
0.03215920180082321
0.04794713482260704
0.10375760495662689
0.036085762083530426
0.1760842502117157
0.03357821702957153
0.03761137276887894
0.07662833482027054
0.04004092514514923
0.1949905902147293
0.013485237956047058
0.12940673530101776
0.019600939005613327
0.033638566732406616
0.15995247662067413
0.016983771696686745
0.014721665531396866
0.013084424659609795
0.10557661950588226
0.07589873671531677
0.025276899337768555
0.5369149446487427
0.051547277718782425
0.019933022558689117
0.05590178072452545
4.480369567871094
0.025823092088103294
0.16214698553085327
0.040914516896009445
0.014702023938298225
0.030239908024668694
0.01464913785457611
0.042275428771972656
0.09502266347408295
0.2354588806629181
0.35436925292015076
0.025664662942290306
0.03267516940832138
0.051878128200769424
0.09271872043609619
0.0163488257676363
0.0968046486377716
0.11253451555967331
0.34818899631500244
0.26203638315200806
0.10145734250545502
0.017131829634308815
0.012073686346411705
0.15195241570472717
0.049002692103385925
0.014348430559039116
0.2715562582015991
0.035207055509090424
0.08710496127605438
0.5750253200531006
0.0115719735622406
0.9500483274459839
0.007173258811235428
0.09174154698848724
0.10401611775159836
0.20593130588531494
0.1423814296722412
0.04999859258532524
0.027967283502221107
0.49528834223747253
0.022088903933763504
0.16446861624717712
0.10933015495538712
0.5531633496284485
0.02455461025238037
0.05742134898900986
0.025568265467882156
0.015965545549988747
2.323796510696411
0.05979221314191818
0.17911197245121002
0.0459166020154953
0.16749675571918488
0.3225558400154114
0.22851304709911346
0.48538124561309814
0.0270213782787323
0.002100991318002343
0.07462610304355621
0.12435759603977203
0.03984450176358223
0.035715870559215546
0.024420546367764473
0.7342575192451477
0.17338347434997559
0.016743013635277748
0.22925294935703278
0.0034939886536449194
0.020380962640047073
0.136362224817276
0.020341776311397552
0.5432283282279968
0.09425894916057587
0.42424672842025757
0.03915932774543762
0.07906197756528854
0.10297707468271255
0.06224833056330681
0.60223388671875
0.13361655175685883
0.11490370333194733
0.03997138887643814
0.03756570443511009
0.015977893024683
0.011858114041388035
0.058406978845596313
0.012196131981909275
0.04440009221434593
0.03771458938717842
0.08921447396278381
0.08645910024642944
0.04951555281877518
0.0128809018060565
0.10954603552818298
0.1618797779083252
0.23128682374954224
0.05586743727326393
0.01989801786839962
0.3509979248046875
0.032422710210084915
0.5237721800804138
0.6585701704025269
0.176322802901268
0.04412352666258812
0.018628854304552078
0.04915270954370499
0.09117566049098969
0.08734545111656189
0.44825518131256104
0.06716656684875488
0.3424336314201355
0.02246304228901863
0.15856905281543732
0.035001952201128006
0.07795283198356628
0.05834326148033142
0.010954192839562893
0.3357710838317871
0.02712063118815422
0.09658879041671753
0.346312552690506
0.041536953300237656
0.01945289969444275
0.05648476257920265
0.08971568197011948
0.20008248090744019
0.2540071904659271
0.09750495105981827
0.01742134988307953
0.06927008926868439
0.21869251132011414
0.04315595701336861
0.17920340597629547
3.161400318145752
0.08203881233930588
0.008624019101262093
0.2004951536655426
0.10972388833761215
0.07137861102819443
0.030745133757591248
0.11312584578990936
0.15405915677547455
0.11523933708667755
0.01550418883562088
0.16854146122932434
0.15327326953411102
0.03542233631014824
0.3141132593154907
0.12128724157810211
0.020501036196947098
0.002378516597673297
0.23432235419750214
0.18490071594715118
0.2131451964378357
0.16326060891151428
0.1145111620426178
0.4901021122932434
0.06740787625312805
0.01009752694517374
0.05215442180633545
0.34199094772338867
0.2903594672679901
0.05461446940898895
0.10513738542795181
0.015867268666625023
0.04000474885106087
0.06278619170188904
0.3645135164260864
0.0766720175743103
0.033796899020671844
0.07797376811504364
0.054788678884506226
0.0269877091050148
0.026615748181939125
0.26093894243240356
0.0300931204110384
0.032256998121738434
0.15067550539970398
0.03532855212688446
0.06723924726247787
0.3926844000816345
0.05976828187704086
0.17895042896270752
0.005825050640851259
0.03772151097655296
0.2968767583370209
0.0933046042919159
0.004682556726038456
0.2966999411582947
0.09625697135925293
1.7052639722824097
0.014214297756552696
0.20953188836574554
0.15304270386695862
0.21198271214962006
0.07806625962257385
0.2573515772819519
0.1595831662416458
0.04227741062641144
0.3110913634300232
0.07761868089437485
0.4343624711036682
0.04222350940108299
1.287590503692627
0.10312212258577347
0.2875552773475647
0.020690716803073883
0.04346060752868652
0.04154728353023529
0.2393135279417038
0.03599971532821655
0.05105730891227722
0.018172381445765495
0.02740580216050148
0.2356482446193695
0.08393070101737976
0.11733873188495636
0.005523484665900469
0.0911875069141388
0.06933167576789856
0.19718633592128754
0.1323411464691162
0.19378888607025146
0.028971698135137558
0.3047364354133606
0.11608730256557465
0.028203247115015984
0.13918179273605347
0.2678215801715851
0.11729449778795242
0.09772399812936783
0.07629700005054474
0.08646796643733978
0.11956396698951721
0.3546208441257477
0.04423804581165314
0.012942126952111721
0.19458574056625366
0.205799400806427
0.07185754179954529
0.010868985205888748
0.06492944061756134
0.007631410378962755
0.02487223967909813
0.1228589415550232
0.059364959597587585
0.026197893545031548
0.06702034175395966
0.11558228731155396
0.07914003729820251
0.01974201202392578
0.048823628574609756
0.056652527302503586
0.25908008217811584
0.013564343564212322
0.01893012784421444
0.022690139710903168
0.1619282066822052
0.12404109537601471
7.147974014282227
0.16357001662254333
0.07186185568571091
0.04662064462900162
0.018608758226037025
0.014449678361415863
0.08372229337692261
0.0613279789686203
0.1299346387386322
0.10963159799575806
0.1298573911190033
0.13864313066005707
0.04191498085856438
0.10021580010652542
0.07731696963310242
0.07279513776302338
0.18012556433677673
0.022692479193210602
0.01584775187075138
0.8021857738494873
0.03710569441318512
0.07105963677167892
0.041178811341524124
0.6770810484886169
0.20541930198669434
0.08441337943077087
0.0903862714767456
0.050069160759449005
0.0075050597079098225
0.35572105646133423
0.056114207953214645
0.015737995505332947
7.411858558654785
0.32606440782546997
0.033766839653253555
0.07963643968105316
0.18916435539722443
0.23696625232696533
0.19636636972427368
0.04825378954410553
0.12061616033315659
0.06002972275018692
0.2015787959098816
0.06160369887948036
0.04382932931184769
0.03757995367050171
0.04931320250034332
0.07272005826234818
0.09409618377685547
0.011552238836884499
0.4746367931365967
0.07172825932502747
0.042219020426273346
0.061609167605638504
0.07958358526229858
0.16094517707824707
0.30522817373275757
0.4683152437210083
0.08725807815790176
0.10256142914295197
0.25384336709976196
0.03791298717260361
0.11105208098888397
0.07577395439147949
0.08586788922548294
0.2116577923297882
0.06163042038679123
0.06684163212776184
0.04046132415533066
0.060085542500019073
0.0032974560745060444
0.030113406479358673
0.2834046185016632
0.2411317527294159
0.08028668165206909
0.07441774010658264
0.00934133306145668
0.03623884916305542
0.03070397675037384
0.07918375730514526
0.01849137246608734
0.145175963640213
0.05367700383067131
0.009970512241125107
0.05121148005127907
0.014264722354710102
0.009764035232365131
0.08402959257364273
0.03340598940849304
0.05919315665960312
0.14840438961982727
0.7322831749916077
0.01751958578824997
0.1641007512807846