13363297.0
10929703.0
206696.71875
44079168.0
3335246.5
670271.75
2403822.5
2468953.5
5286274.0
10296440.0
2457712.75
7552800.5
3561942.5
4027551.5
138928.984375
610451.125
631875.5
2703086.0
1593170.375
3517401.75
178152.765625
5284800.0
843876.25
546911.5625
43899.1875
4286560.0
13635.0390625
508977.53125
2682122.0
333224.53125
324558.59375
1265480.5
2341989.75
218348.3125
5629378.0
6320131.5
230597.390625
715251.125
1978440.25
292307.9375
9710482.0
183906.15625
6457186.5
296238.5
5642585.5
2896801.25
455510.78125
3761698.25
14750908.0
1586917.875
399214.75
1572961.75
2213653.5
333787.125
242700.796875
6218465.0
2432674.0
644742.125
1613882.25
2902955.0
3366597.0
1229761.25
2558884.75
3880460.5
715410.4375
223523.796875
1046748.25
454723.09375
834692.1875
1320998.25
4216388.0
2675224.0
578122.875
2362390.0
3983665.5
143899.5625
829465.0
64089.84375
958195.375
1899736.25
94257.359375
474755.65625
706778.125
1182741.625
566685.25
4007902.0
13161.943359375
7587931.0
3849293.0
9560552.0
226850.1875
1398409.5
243722.6875
598646.5
1616157.5
144256.84375
131677.453125
305235.96875
133852.5
1495621.75
46736.23828125
237928.125
593449.5
1986945.25
5323528.5
3341071.75
1067028.75
3005098.25
1557011.75
101444.28125
621192.75
1297782.375
2661400.5
83679.2578125
338452.0625
6964744.5
1812908.5
1438607.75
3399389.25
323136.46875
3629470.0
895242.8125
353545.0
472542.4375
461624.46875
776616.375
4195005.0
2990458.5
612755.125
2446579.25
2998613.25
2702851.75
976621.125
1412372.0
1847149.0
87642.03125
593175.1875
10342143.0
1386143.75
3494394.5
1890842.125
326586.0625
245257.28125
44548.75390625
2721699.5
1173098.125
138051.5
43007.4765625
188375.390625
109707.3984375
5474888.0
961639.5
3521841.0
138823.46875
3385076.75
881093.25
198187.28125
110209.375
1749141.5
39777.3828125
520874.1875
12432974.0
87272.421875
1649981.25
1179327.5
29354.90625
4840681.0
28209.0625
1958791.0
945291.625
738745.75
2071666.5
1067031.25
1844354.75
191694.140625
958927.4375
1673281.5
1422441.0
4454071.5
13422.7265625
403449.0625
2529559.25
314489.125
504546.625
2771202.5
2786267.5
692751.625
610636.5
3036104.5
4197301.5
1157487.0
1869806.25
22109.966796875
3765731.75
1539207.25
671158.8125
313551.3125
2689381.0
5323014.0
206202.359375
3505800.5
977091.75
3850264.5
1973080.25
884729.625
3450016.5
2542570.5
67159.6796875
6045751.0
573928.5
41622.69921875
3874286.0
4584870.0
70238.3125
3926572.0
415489.9375
333377.34375
263061.0
571865.875
257712.046875
5718.1953125
2242768.0
2472994.0
162901.921875
898396.0
3672485.5
776892.125
419780.40625
157949.0625
1542905.0
156713.421875
559223.0
140164.21875
1490907.75
2508849.0
313852.15625
11025088.0
1617914.0
2261540.0
761098.5625
96986.546875
92153.9453125
75241.96875
389347.625
1417484.0
2843703.0
196378.0625
1083760.0
723673.875
1933664.5
745556.8125
98485.9453125
451171.21875
1447159.5
253317.21875
647867.8125
195837.78125
31557.3828125
616978.5
245087.46875
443979.3125
38504.3125
121203.109375
6083370.0
6460668.5
345427.25
1580046.625
170239.375
2926805.25
821575.625
139283.625
491248.65625
58618.44921875
3137953.25
294997.09375
1106178.875
531263.25
64794.1796875
45411.7109375
188864.671875
129599.9765625
205600.0625
266927.96875
624951.0
48078.796875
1514024.875
366953.5
837818.6875
2208855.25
379560.375
868484.875
1240312.75
48058.34375
218128.0
475410.8125
77923.1875
440599.1875
5614176.0
2505098.5
95504.5703125
92198.6875
36203.56640625
1203559.75
2830053.75
16625.75
762119.625
658030.875
1221326.25
480794.09375
889389.5
559002.25
3386066.5
4900357.0
1298804.375
6496007.0
129070.1171875
110197.984375
55092.5078125
361247.90625
5304947.5
1001538.375
34738.1640625
991734.25
978088.5
60710.1796875
18480.896484375
1663560.875
254117.703125
2472576.5
1299665.375
121940.7265625
14813234.0
1061623.25
441274.125
106280.1953125
1978662.125
4754763.0
1583030.25
8003780.0
1372956.75
555247.9375
2227929.0
2255683.5
1220094.0
146558.03125
404940.3125
5668.19677734375
1306871.75
1280090.0
4914487.0
26594.447265625
21549.7265625
593010.8125
426715.625
520858.0625
166734.265625
269757.125
1111432.0
1046064.75
81858.84375
342195.125
681155.1875
720564.4375
4496460.0
767950.5
404253.46875
10212306.0
76293.8125
10025915.0
3625577.0
81858.0234375
2730003.75
10080482.0
1130798.25
197545.953125
272058.3125
43585.5078125
1908570.75
53412.13671875
4249156.5
145964.859375
272212.0625
802739.0625
8145.5478515625
195081.484375
5008887.0
667500.0
2715615.75
35715.39453125
4178340.0
61855.73828125
7367351.0
1578260.0
1377823.125
742643.75
3198689.5
2774452.0
765440.0
1781381.0
23864.154296875
51296.1796875
342910.59375
3775512.5
1112127.0
1848543.5
904913.5
424953.78125
2147927.25
1505087.25
213811.484375
732571.3125
114814.3125
320570.5
16801700.0
1042430.4375
267864.3125
6524001.0
2071642.75
10509.587890625
783856.8125
51751.64453125
3232159.0
4326989.5
7693195.0
10933539.0
103236.8984375
27562.53125
580313.3125
2010906.875
3512282.25
835935.75
122878.34375
4135745.75
736864.375
7394780.0
1273810.0
393247.75
2169406.5
88122.34375
2485651.5
5688764.0
5314749.0
61316.39453125
247962.84375
284455.6875
1689053.75
617428.9375
2123247.0
552764.1875
1160985.0
97323.8828125
755325.75
11956.77734375
3716501.5
228622.015625
160408.84375
779192.75
194740.625
4241402.0
493587.84375
249862.8125
340316.15625
25915.833984375
481733.625
2694769.5
219179.84375
10410875.0
30113.6640625
107469.9296875
1100335.0
48764.2421875
2829.007080078125
61244.94140625
1371581.625
278522.6875
1056080.75
164431.515625
398860.9375
6522556.0
6143938.0
614375.375
179712.3125
74297.71875
205276.671875
196404.0
156592.5
811585.75
21689.791015625
86731.125
1440669.125
6079406.0
76836.0859375
830778.4375
1278785.5
1262138.875
270188.4375
175326.515625
1156031.125
271706.3125
395020.3125
52711.7734375
1680722.375
561401.75
1463915.0
122234.2109375
327915.375
47778.2265625
137019.765625
380772.9375
1377406.75
4527.00390625
5653213.0
3996314.5
2809708.0
1975610.875
5415609.0
565432.0
3998683.0
17934.224609375
47872.27734375
64667.953125
3513777.5
2571297.0
82436.1953125
1596620.75
2867648.5
225994.0
1771972.0
4087278.5
17042.27734375
40376.4609375
391221.375
82075.46875
421276.3125
769694.625
1976019.875
212055.46875
482841.28125
9224533.0
405844.125
3505422.5
1483711.25
180298.359375
164975.71875
1435810.125
2889444.25
349699.40625
680622.5
354652.90625
956210.25
29610.2578125
1205210.375
22712.859375
2343728.25
774455.75
2665484.0
160179.640625
1664027.125
770098.875
81262.8359375
1869239.75
569704.0
3309600.5
16862.35546875
4110978.75
2817810.5
5300067.0
1168498.625
863887.875
771185.1875
28653.18359375
4004729.0
26800.13671875
1286592.125
1022023.25
431268.0625
1743593.25
362865.9375
186587.3125
72744.78125
845508.25
2034726.0
480968.25
188602.0
4575231.5
627471.625
3297184.5
34077.14453125
839162.0625
2897791.5
403280.28125
168212.203125
3708218.5
137499.890625
62550.40625
354764.59375
122879.25
3170998.0
62612.609375
254243.21875
7975464.5
508124.4375
763725.5
66136.21875
3042426.25
6934955.0
337341.25
911257.375
2423769.0
18440.71875
96383.2109375
1330943.125
673761.625
73095.5546875
40775.0078125
5466.3056640625
172123.34375
2231741.5
692523.8125
1809981.0
575295.25
1254624.75
1524722.375
1980170.875
339504.8125
722833.375
429664.625
1502690.125
308779.25
55388.625
563394.375
215379.453125
2633492.5
123510.578125
580212.625
4464810.0
76038.078125
60829.3125
267341.9375
3752950.5
553325.875
2199859.0
754972.6875
137739.3125
696353.3125
274268.96875
498715.1875
131338.125
5615659.0
1130007.625
386983.03125
138202.9375
2243516.75
53372.84375
2879598.5
655129.0
9626934.0
337556.8125
2031837.25
1227159.75
735513.1875
5979927.0
1405354.875
1253135.875
10909.3828125
1972492.0
793331.1875
12730392.0
470552.6875
347412.84375
1048647.125
5794851.0
8241671.0
2707551.5
169699.890625
65812.671875
487375.78125
2311074.75
4732181.0
23932.0
7826902.0
454371.09375
344720.6875
478189.21875
957480.0
902813.625
1304742.375
386078.0
889412.375
954369.0
2284594.5
163881.109375
56501.61328125
378343.53125
7421875.0
454336.0625
362923.8125
490960.6875
210983.765625
9510.6513671875
951698.8125
1229.98486328125
885640.0
2019520.625
731462.6875
2314190.75
1557211.5
900744.875
129460.515625
1119113.375
11644336.0
2901986.0
219622.6875
6382523.5
1298534.5
712464.0625
1269608.75
2318950.0
2213194.5
336775.59375
49622.37109375
48993.41015625
113521.421875
324237.1875
2135514.0
99221.0078125
1130977.25
773481.5
95262.640625
278076.5625
20411.3671875
293987.78125
339162.0625
213640.671875
2235783.0
1766921.75
69499.9140625
303577.59375
448128.21875
189359.921875
450171.53125
1667456.0
345749.625
454998.5
1341236.375
1450495.0
212380.8125
25368.69140625
222821.421875
161963.78125
1701475.25
338991.15625
310162.09375
179089.265625
188678.671875
1058620.75
1597644.625
2925922.5
1193717.25
110236.890625
616551.1875
4172758.25
3199787.0
1187727.5
5946447.0
33993.859375
2448006.0
59882.51953125
229578.84375
131509.140625
271928.75
286738.6875
312441.4375
1111405.5
60358.8046875
86436.21875
1859789.25
453901.4375
68328.4765625
792166.75
85375.65625
21646.326171875
290855.75
265358.96875
233104.0
2997606.0
338848.375
47552.26171875
74823.078125
645.49169921875
1018687.375
2181868.5
121555.6953125
2860861.0
1108690.0
119654.6171875
1319562.125
41525.26171875
25204.16796875
1561248.25
2014687.625
37532.0390625
285858.625
660973.3125
168101.5
130465.8828125
920047.25
529983.75
1655280.625
12404.2509765625
2055446.0
1061357.75
1245583.0
669129.5625
43594.44921875
1338724.25
3080083.5
92838.765625
175632.21875
987107.0
443655.0625
1718939.25
204408.328125
532355.4375
634.0389404296875
121485.40625
408967.9375
1268681.375
813261.0625
879019.5
1092555.875
324644.4375
200212.46875
864273.75
465125.75
119433.359375
2067366.0
283105.1875
132355.40625
189735.328125
716673.75
848179.75
4658367.0
413611.84375
10212433.0
176846.609375
741268.125
1730449.25
1289692.625
730967.0625
3355787.0
38230.7734375
1560289.375
4015235.75
64292.9765625
104146.4375
367882.125
416429.09375
70702.171875
287390.875
842080.375
5509502.0
3058643.5
3544479.0
11834060.0
637885.375
102633.1328125
26592.41796875
89678.890625
42570.94921875
798313.4375
1356483.75
166211.90625
1045678.125
1357821.0
236172.625
695662.5
315863.96875
4682788.5
1592654.75
73207.6640625
655964.75
657980.375
912207.5
17969.80078125
30729.3984375
3504200.75
11616.2724609375
448486.4375
160638.5625
3244602.25
116900.40625
13911.515625
268706.0625
1047810.125
102927.890625
291423.3125
184203.953125
143198.4375
579967.3125
198896.84375
61138.7890625
11923.953125
383486.0
148662.125
666925.5625
184847.34375
505804.96875
3853559.0
811232.1875
122964.359375
482454.96875
729557.125
124190.1328125
410473.6875
1469880.875
4229605.0
4280457.0
653978.5
10368730.0
484829.3125
7569761.0
949618.875
2253113.5
857447.0625
1525180.0
7515058.0
91637.03125
125379.75
2354584.25
4903623.0
90880.703125
214692.265625
25246.56640625
768761.75
430669.5
191813.734375
42303.3671875
142024.0625
447925.3125
2481338.0
688867.0
13533.33984375
156436.390625
2314912.0
593621.75
8211387.5
1000404.0625
679151.5625
2423987.25
469136.875
1432565.5
248026.625
3695284.5
482662.40625
3626509.75
217892.921875
5522143.0
923612.5625
550000.875
15600934.0
2838739.5
88729.578125
458293.78125
389832.9375
1238152.5
6360220.0
46253.03515625
25056.92578125
35518.6328125
287961.09375
157716.40625
139257.609375
3862035.0
2969943.0
257736.5625
100234.2734375
185870.234375
242552.6875
2386983.0
166808.875
68537.640625
400173.1875
11100.3310546875
362350.15625
3940830.5
494309.53125
7105857.5
490067.53125
301568.59375
32057.1171875
494733.5625
197128.0
1494536.25
1110444.125
16308.4189453125
272793.375
457896.84375
5324.861328125
60752.16796875